4.47183 3.92703 0.00000
4.88955 -5.61736 3.00000
-4.37531 -6.37321 2.00000
-5.21710 -5.72470 2.00000
7.19070 -6.89636 3.00000
-4.04863 -5.74824 2.00000
-5.31946 -4.96086 2.00000
-4.90254 5.90359 1.00000
5.04221 5.58282 0.00000
5.24880 -5.29664 3.00000
6.16034 -4.63051 3.00000
4.80816 4.11237 0.00000
5.01741 -6.12202 3.00000
5.04367 -5.22631 3.00000
-3.25154 3.88280 1.00000
-4.72101 -4.18094 2.00000
4.30834 4.60325 0.00000
5.50318 -3.70677 3.00000
-4.03777 -4.94412 2.00000
3.72744 -4.68645 3.00000
5.49521 -5.17470 3.00000
-4.58966 4.76153 1.00000
6.74481 4.23879 0.00000
-4.36464 -4.83476 2.00000
-4.90661 -4.25794 2.00000
-5.24496 5.66238 1.00000
5.12016 5.61720 0.00000
5.31904 4.75063 0.00000
-6.47607 -4.33936 2.00000
4.87711 4.06423 0.00000
-4.75986 4.71820 1.00000
-6.64774 -4.62181 2.00000
6.65980 5.74204 0.00000
-4.57934 -6.57474 2.00000
-4.04087 5.14813 1.00000
-3.98461 -6.03142 2.00000
-4.11133 -6.14444 2.00000
-5.02954 -5.93019 2.00000
6.03882 -2.81302 3.00000
-5.53653 5.30205 1.00000
-4.66120 5.06187 1.00000
6.46211 2.93986 0.00000
-6.43912 -3.96399 2.00000
-4.85075 5.32804 1.00000
-4.51581 -4.28771 2.00000
3.89938 6.14472 0.00000
-4.09470 6.21585 1.00000
4.32875 4.98734 0.00000
5.90086 4.31627 0.00000
-4.81592 5.60961 1.00000
5.44136 -5.10016 3.00000
-3.95734 -4.09951 2.00000
5.65905 -6.62744 3.00000
5.19092 7.10026 0.00000
4.48291 -5.99703 3.00000
-5.27508 5.03488 1.00000
-7.22958 -3.51660 2.00000
4.82757 4.12214 0.00000
-5.60352 6.00229 1.00000
-5.17786 4.83939 1.00000
5.98634 -4.78647 3.00000
5.60232 -4.57972 3.00000
-3.65430 -4.50932 2.00000
-3.47149 -2.63948 2.00000
7.52833 -5.24863 3.00000
-4.77153 5.70811 1.00000
6.33146 -5.28731 3.00000
6.13377 3.90011 0.00000
5.81095 -3.95556 3.00000
-5.53655 -3.53059 2.00000
-6.31389 -4.79674 2.00000
6.90466 -3.88894 3.00000
-5.16712 5.46930 1.00000
3.88269 5.23442 0.00000
-4.87197 5.70094 1.00000
-5.22388 -5.12210 2.00000
4.35308 -4.09851 3.00000
6.62435 4.38824 0.00000
-5.49600 5.55843 1.00000
-4.60919 4.93954 1.00000
-3.04682 -4.59439 2.00000
-6.15529 4.59643 1.00000
5.28067 -5.07311 3.00000
4.73211 5.53036 0.00000
4.67758 4.61595 0.00000
5.05081 4.36300 0.00000
5.90159 5.50249 0.00000
-4.74749 3.38224 1.00000
4.31283 4.15479 0.00000
5.56276 -4.75926 3.00000
4.25284 6.69245 0.00000
-5.91401 4.72053 1.00000
-4.84136 5.09521 1.00000
-5.04643 -6.93893 2.00000
4.68988 -7.43484 3.00000
4.86356 -5.11905 3.00000
-4.32881 5.74488 1.00000
5.86541 2.69846 0.00000
5.68007 -5.31980 3.00000
-5.30023 4.48902 1.00000
