1.18649 2.27101 0.00000
-2.02260 2.17397 1.00000
2.00288 0.25471 0.00000
-0.94390 -0.12677 1.00000
1.86505 -0.72592 3.00000
1.23094 3.73137 0.00000
-0.63620 3.14027 0.00000
-0.54098 0.01514 2.00000
-3.13226 1.53700 1.00000
1.89652 -1.81462 3.00000
2.61789 -1.77424 3.00000
5.60869 -0.67888 3.00000
2.00186 0.65579 0.00000
2.11014 -1.07650 3.00000
0.04664 -1.83802 3.00000
3.03176 -3.48585 3.00000
-1.89006 -2.17228 2.00000
-0.84024 2.49857 1.00000
-1.86960 1.78071 1.00000
-2.04214 0.34845 1.00000
-0.40621 2.47431 1.00000
-1.19451 1.95302 1.00000
1.27175 -3.56961 3.00000
2.05145 3.79221 0.00000
2.46078 -0.74163 3.00000
1.48087 2.67500 0.00000
1.03165 -2.75472 3.00000
0.07878 1.34650 0.00000
-1.80521 1.55319 1.00000
-0.90247 -1.34819 2.00000
1.85913 -0.87778 3.00000
-2.36310 -2.20010 2.00000
0.44205 0.59099 0.00000
-1.53166 1.76080 1.00000
1.16118 1.26382 0.00000
1.50001 2.04235 0.00000
0.90624 -0.35050 3.00000
1.56053 -3.26781 2.00000
2.83557 -1.19737 3.00000
-0.66456 -0.66310 2.00000
-0.29344 0.65825 0.00000
-0.69971 1.19513 1.00000
-2.72570 -0.98113 2.00000
-1.63731 -2.09781 2.00000
-3.62756 1.42684 1.00000
-1.86490 1.60235 2.00000
2.53303 -1.82900 3.00000
0.67086 1.58771 0.00000
1.13552 -2.37598 3.00000
1.04577 -0.98563 3.00000
2.03906 0.90384 0.00000
-1.19562 1.32629 1.00000
-1.88830 -0.99141 2.00000
0.70240 -0.97117 2.00000
-2.77296 -0.79000 2.00000
-1.82311 0.39239 1.00000
-2.33831 -2.61467 2.00000
-1.33663 2.62536 1.00000
-0.10617 -1.03671 2.00000
0.75213 1.50903 0.00000
-0.16903 -3.61790 2.00000
-0.93477 1.61273 0.00000
-2.00774 1.90672 1.00000
-0.59764 -2.69251 2.00000
2.10152 -1.49634 3.00000
2.11134 1.54797 0.00000
-1.71991 -0.27617 2.00000
-2.85976 -0.98029 2.00000
-3.35601 -3.99918 2.00000
-1.80054 1.44042 1.00000
2.43569 -0.33497 2.00000
1.08324 1.44373 0.00000
2.96768 1.16432 0.00000
-1.08056 2.08822 1.00000
-2.58270 -2.20917 2.00000
-2.89037 2.33266 1.00000
-1.32711 0.01311 1.00000
-1.83142 -2.12026 2.00000
-3.20257 -1.80213 2.00000
-2.37899 2.76759 1.00000
2.32946 -0.86938 3.00000
0.24457 -0.56184 3.00000
0.36568 -2.20742 3.00000
1.54154 0.38207 0.00000
1.62482 -0.74350 3.00000
-1.83545 1.39414 1.00000
0.86234 0.31239 0.00000
-3.27896 -0.48443 2.00000
-0.56117 -0.37488 1.00000
0.62189 1.34357 0.00000
3.24181 -1.94750 3.00000
-1.65158 1.43823 1.00000
1.87044 2.85963 0.00000
0.65111 -2.01482 2.00000
1.74144 -1.00257 3.00000
-1.15320 2.52270 1.00000
0.27857 0.30448 3.00000
-0.36809 3.23118 0.00000
1.75657 0.51122 0.00000
1.68041 -0.94684 3.00000
