0.13769 0.07168 3.00000
-0.15417 -0.86089 1.00000
-0.57403 -1.14901 2.00000
-1.57471 0.89055 1.00000
-0.32093 0.14456 1.00000
-1.03039 -1.96078 3.00000
-1.71603 -0.26853 2.00000
0.41150 -2.54656 3.00000
1.64783 -1.56037 3.00000
-1.68996 -0.51359 2.00000
-1.52526 -2.67563 2.00000
0.04815 2.33374 1.00000
-0.12571 -2.29354 2.00000
-0.56205 2.93898 1.00000
-0.07059 -0.62913 3.00000
0.72261 0.64524 0.00000
-1.45726 -0.14072 2.00000
-1.90649 -0.91158 2.00000
-0.24412 0.37358 0.00000
-1.02410 0.11134 1.00000
0.48754 -0.11830 1.00000
3.67611 -1.07122 3.00000
0.23116 0.76997 0.00000
1.62524 0.83949 0.00000
1.74506 2.97611 0.00000
-0.85494 2.16788 1.00000
-0.18519 -1.51999 2.00000
-0.48666 0.40863 3.00000
0.19623 -1.41908 0.00000
0.40335 0.41141 0.00000
0.23347 -0.85101 2.00000
0.90476 -1.52719 3.00000
0.48887 -1.12284 3.00000
1.05003 0.59532 0.00000
0.56911 -1.54027 3.00000
-1.64841 -1.73746 2.00000
-1.60289 -0.91447 1.00000
-1.59108 0.48358 1.00000
-0.38592 0.16209 1.00000
-1.53058 -1.73053 2.00000
-2.37067 1.23856 1.00000
-1.07744 -0.72393 2.00000
1.09650 -0.86349 0.00000
-0.02379 0.28701 0.00000
-0.14848 -0.51375 2.00000
-2.02493 1.89934 1.00000
0.01318 1.85280 1.00000
0.45464 -0.54648 0.00000
0.64373 -0.74314 0.00000
-1.30021 3.15815 1.00000
-1.07974 -0.43551 2.00000
-1.96000 1.37730 1.00000
0.85938 -0.00291 3.00000
1.00244 -0.57536 3.00000
0.73876 -2.29805 3.00000
-0.84705 -0.06420 1.00000
-1.67821 -0.57356 2.00000
-1.16809 0.90928 2.00000
-1.67473 1.15062 1.00000
0.87224 -0.75183 3.00000
-0.44129 -1.47836 2.00000
0.20409 -0.92725 3.00000
-0.35684 1.24909 1.00000
-0.87199 0.24162 2.00000
-1.75333 -2.74411 2.00000
0.87064 -2.62246 3.00000
1.98237 -0.10107 0.00000
-1.83424 0.34499 2.00000
-0.31386 1.88462 0.00000
-0.18505 0.79435 0.00000
-1.51665 -1.18907 2.00000
-0.62329 1.64668 0.00000
1.44578 -1.78271 3.00000
-1.41620 -0.27534 2.00000
0.95618 0.52278 0.00000
2.72942 -0.30595 3.00000
-1.24826 0.73224 0.00000
2.48615 1.23672 0.00000
-0.22090 -0.94038 3.00000
-1.19741 2.77465 1.00000
-0.02036 -0.72941 3.00000
2.98849 0.19506 3.00000
0.07621 -0.02388 0.00000
0.12612 1.02971 0.00000
-0.23564 -1.14079 3.00000
-0.51621 1.67622 1.00000
0.27457 -1.03494 3.00000
-0.35494 -0.68694 2.00000
-1.15451 2.76963 1.00000
2.78863 1.43651 0.00000
0.10819 2.11939 1.00000
-0.77425 -0.71296 2.00000
1.88132 2.70957 0.00000
-3.91574 0.02816 1.00000
-2.39576 2.39166 1.00000
1.86283 -1.64843 3.00000
2.12398 0.86809 0.00000
2.03895 -0.36826 3.00000
-0.16416 -0.50788 2.00000
0.91726 0.37300 0.00000
